100 1 1 1 20 70 1
101 1 1 1 20 70 0
102 1 1 1 20 70 0
103 1 1 3 20 70 1
104 1 1 3 20 70 0
105 1 1 3 20 70 0
106 1 1 1 20 70 1
107 1 1 1 20 70 1
108 1 1 1 20 70 1
200 1 3 1 20 80 1
201 1 3 1 20 80 0
202 1 3 1 20 80 0
203 1 3 3 20 60 0
204 1 3 3 20 60 0
205 1 3 3 20 60 0
206 1 3 1 20 80 0
207 1 3 1 20 80 0
208 1 3 1 20 80 0
209 1 3 2 20 100 0
210 1 3 2 20 100 0
211 1 3 2 20 100 0
300 1 2 1 20 70 0
301 1 2 1 20 70 0
302 1 2 1 20 70 0
303 1 2 3 20 50 0
304 1 2 3 20 50 0
305 1 2 3 20 50 0
306 1 2 1 20 70 0
307 1 2 1 20 70 0
308 1 2 1 20 70 0
309 1 2 2 20 90 0
310 1 2 2 20 90 0
311 1 2 2 20 90 0
400 1 4 1 20 90 0
401 1 4 1 20 90 0
402 1 4 1 20 90 0
403 1 4 3 20 70 0
404 1 4 3 20 70 0
405 1 4 3 20 70 0
406 1 4 1 20 90 0
407 1 4 1 20 90 0
408 1 4 1 20 90 0
409 1 4 2 20 110 0
410 1 4 2 20 110 0
411 1 4 2 20 110 0
500 1 5 1 20 100 0
501 1 5 1 20 100 0
502 1 5 1 20 100 0
503 1 5 3 20 80 0
504 1 5 3 20 80 0
505 1 5 3 20 80 0
506 1 5 1 20 100 0
507 1 5 1 20 100 0
508 1 5 1 20 100 0
509 1 5 2 20 120 0
510 1 5 2 20 120 0
511 1 5 2 20 120 0
600 2 1 1 25 120 0
601 2 1 1 25 120 0
602 2 1 1 25 120 0
603 2 1 3 25 100 0
604 2 1 3 25 100 0
605 2 1 3 25 100 0
606 2 1 1 25 120 0
607 2 1 1 25 120 0
608 2 1 1 25 120 0
609 2 1 2 25 140 0
610 2 1 2 25 140 0
611 2 1 2 25 140 0
700 2 2 1 25 130 0
701 2 2 1 25 130 0
702 2 2 1 25 130 0
703 2 2 3 25 110 0
704 2 2 3 25 110 0
705 2 2 3 25 110 0
706 2 2 1 25 130 0
707 2 2 1 25 130 0
708 2 2 1 25 130 0
709 2 2 2 25 150 0
710 2 2 2 25 150 0
711 2 2 2 25 150 0
800 2 3 1 25 140 0
801 2 3 1 25 140 0
802 2 3 1 25 140 0
803 2 3 3 25 120 0
804 2 3 3 25 120 0
805 2 3 3 25 120 0
806 2 3 1 25 140 0
807 2 3 1 25 140 0
808 2 3 1 25 140 0
809 2 3 2 25 160 0
810 2 3 2 25 160 0
811 2 3 2 25 160 0
900 2 4 1 25 150 0
901 2 4 1 25 150 0
902 2 4 1 25 150 0
903 2 4 3 25 130 0
904 2 4 3 25 130 0
905 2 4 3 25 130 0
906 2 4 1 25 150 0
907 2 4 1 25 150 0
908 2 4 1 25 150 0
909 2 4 2 25 170 0
910 2 4 2 25 170 0
911 2 4 2 25 170 0
1 3 1 1 40 200 0
2 3 2 1 40 220 1
3 3 3 2 40 240 0
4 3 4 3 40 260 0
