100 2 1 1 25 130 0
101 2 1 1 25 130 0
102 2 1 1 25 130 0
103 2 1 3 25 130 0
104 2 1 3 25 130 0
105 2 1 3 25 130 0
106 2 1 1 25 130 0
107 2 1 1 25 130 0
108 2 1 1 25 130 0
200 2 3 1 25 140 0
201 2 3 1 25 140 0
202 2 3 1 25 140 0
203 2 3 3 25 120 0
204 2 3 3 25 120 0
205 2 3 3 25 120 0
206 2 3 1 25 140 0
207 2 3 1 25 140 0
208 2 3 1 25 140 0
209 2 3 2 25 160 0
210 2 3 2 25 160 0
211 2 3 2 25 160 0
300 2 2 1 25 130 0
301 2 2 1 25 130 0
302 2 2 1 25 130 0
303 2 2 3 25 110 0
304 2 2 3 25 110 0
305 2 2 3 25 110 0
306 2 2 1 25 130 0
307 2 2 1 25 130 0
308 2 2 1 25 130 0
309 2 2 2 25 150 0
310 2 2 2 25 150 0
311 2 2 2 25 150 0
400 2 4 1 25 150 0
401 2 4 1 25 150 0
402 2 4 1 25 150 0
403 2 4 3 25 130 0
404 2 4 3 25 130 0
405 2 4 3 25 130 0
406 2 4 1 25 150 0
407 2 4 1 25 150 0
408 2 4 1 25 150 0
409 2 4 2 25 170 0
410 2 4 2 25 170 0
411 2 4 2 25 170 0
500 2 5 1 25 160 0
501 2 5 1 25 160 0
502 2 5 1 25 160 0
503 2 5 3 25 140 0
504 2 5 3 25 140 0
505 2 5 3 25 140 0
506 2 5 1 25 160 0
507 2 5 1 25 160 0
508 2 5 1 25 160 0
509 2 5 2 25 180 0
510 2 5 2 25 180 0
511 2 5 2 25 180 0
600 3 1 1 40 180 0
601 3 1 1 40 180 0
602 3 1 1 40 180 0
603 3 1 3 40 160 0
604 3 1 3 40 160 0
605 3 1 3 40 160 0
606 3 1 1 40 180 0
607 3 1 1 40 180 0
608 3 1 1 40 180 0
609 3 1 2 40 200 0
610 3 1 2 40 200 0
611 3 1 2 40 200 0
700 3 2 1 40 190 0
701 3 2 1 40 190 0
702 3 2 1 40 190 0
703 3 2 3 40 170 0
704 3 2 3 40 170 0
705 3 2 3 40 170 0
706 3 2 1 40 190 0
707 3 2 1 40 190 0
708 3 2 1 40 190 0
709 3 2 2 40 210 0
710 3 2 2 40 210 0
711 3 2 2 40 210 0
800 3 3 1 40 200 0
801 3 3 1 40 200 0
802 3 3 1 40 200 0
803 3 3 3 40 180 0
804 3 3 3 40 180 0
805 3 3 3 40 180 0
806 3 3 1 40 200 0
807 3 3 1 40 200 0
808 3 3 1 40 200 0
809 3 3 2 40 220 0
810 3 3 2 40 220 0
811 3 3 2 40 220 0
900 3 4 1 40 210 0
901 3 4 1 40 210 0
902 3 4 1 40 210 0
903 3 4 3 40 190 0
904 3 4 3 40 190 0
905 3 4 3 40 190 0
906 3 4 1 40 210 0
907 3 4 1 40 210 0
908 3 4 1 40 210 0
909 3 4 2 40 230 0
910 3 4 2 40 230 0
911 3 4 2 40 230 0
1 4 1 1 100 500 0
2 4 2 1 100 520 0
3 4 3 2 100 540 0
4 4 4 3 100 560 0
