100 3 1 1 40 190 0
101 3 1 1 40 190 0
102 3 1 1 40 190 1
103 3 1 3 40 190 1
104 3 1 3 40 190 0
105 3 1 3 40 190 0
106 3 1 1 40 190 1
107 3 1 1 40 190 1
108 3 1 1 40 190 0
200 3 3 1 40 200 0
201 3 3 1 40 200 0
202 3 3 1 40 200 0
203 3 3 3 40 180 0
204 3 3 3 40 180 0
205 3 3 3 40 180 0
206 3 3 1 40 200 0
207 3 3 1 40 200 0
208 3 3 1 40 200 0
209 3 3 3 40 220 0
210 3 3 3 40 220 0
211 3 3 3 40 220 0
300 3 2 1 40 190 0
301 3 2 1 40 190 0
302 3 2 1 40 190 0
303 3 2 3 40 170 0
304 3 2 3 40 170 0
305 3 2 3 40 170 0
306 3 2 1 40 190 0
307 3 2 1 40 190 0
308 3 2 1 40 190 0
309 3 2 3 40 210 0
310 3 2 3 40 210 0
311 3 2 3 40 210 0
400 3 4 1 40 210 0
401 3 4 1 40 210 0
402 3 4 1 40 210 0
403 3 4 3 40 190 0
404 3 4 3 40 190 0
405 3 4 3 40 190 0
406 3 4 1 40 210 0
407 3 4 1 40 210 0
408 3 4 1 40 210 0
409 3 4 3 40 230 0
410 3 4 3 40 230 0
411 3 4 3 40 230 0
500 3 5 1 40 220 0
501 3 5 1 40 220 0
502 3 5 1 40 220 0
503 3 5 3 40 200 0
504 3 5 3 40 200 0
505 3 5 3 40 200 1
506 3 5 1 40 220 0
507 3 5 1 40 220 0
508 3 5 1 40 220 0
509 3 5 3 40 240 0
510 3 5 3 40 240 0
511 3 5 3 40 240 0
600 4 1 1 100 480 0
601 4 1 1 100 480 0
602 4 1 1 100 480 0
603 4 1 4 100 460 0
604 4 1 4 100 460 0
605 4 1 4 100 460 0
606 4 1 1 100 480 0
607 4 1 1 100 480 0
608 4 1 1 100 480 1
609 4 1 2 100 500 0
610 4 1 2 100 500 0
611 4 1 2 100 500 0
700 4 2 1 100 490 0
701 4 2 1 100 490 0
702 4 2 1 100 490 0
703 4 2 4 100 470 0
704 4 2 4 100 470 0
705 4 2 4 100 470 0
706 4 2 1 100 490 0
707 4 2 1 100 490 0
708 4 2 1 100 490 0
709 4 2 2 100 510 0
710 4 2 2 100 510 0
711 4 2 2 100 510 0
800 4 3 1 100 500 0
801 4 3 1 100 500 0
802 4 3 1 100 500 0
803 4 3 4 100 480 0
804 4 3 4 100 480 0
805 4 3 4 100 480 0
806 4 3 1 100 500 0
807 4 3 1 100 500 0
808 4 3 1 100 500 0
809 4 3 2 100 520 0
810 4 3 2 100 520 0
811 4 3 2 100 520 0
900 4 4 1 100 510 0
901 4 4 1 100 510 0
902 4 4 1 100 510 0
903 4 4 4 100 490 0
904 4 4 4 100 490 0
905 4 4 4 100 490 0
906 4 4 1 100 510 0
907 4 4 1 100 510 0
908 4 4 1 100 510 0
909 4 4 2 100 530 0
910 4 4 2 100 530 0
911 4 4 2 100 530 0
1 5 1 1 140 700 1
2 5 2 1 140 720 1
3 5 3 2 140 740 0
4 5 4 3 140 760 0
5 5 1 2 145 700 0
6 5 1 2 150 700 0
7 5 3 2 150 800 0
8 4 3 1 100 500 0
9 2 5 3 80 200 0
